0
315
320
320
330
335
465
470
475
480
490
495
495
495
605
635
635
650
655
665
665
675
680
770
795
815
820
825
825
845
850
875
950
990
1010
1010
1015
1015
1030
1080
1115
1150
1710
1730
1755
1760
1760
1760
1770
1770
1770
1775
1905
1910
1915
1920
1930
1935
1935
1935
2045
2075
2075
2090
2095
2105
2105
2115
2120
2210
2235
2255
2260
2265
2265
2285
2290
2315
2390
2430
2450
2450
2455
2455
2470
2520
2555
2590
3150
3170
3195
3200
3200
3200
3210
3210
3210
3215
3345
3350
3355
3360
3370
3375
3375
3375
3485
3515
3515
3530
3535
3545
3545
3555
3560
3650
3675
3695
3700
3705
3705
3725
3730
3755
3830
3870
3890
3890
3895
3895
3910
3960
3995
4030
4590
4610
4635
4640
4640
4640
4650
4650
4650
4785
4790
4795
4800
4810
4815
4815
4815
4925
4955
4955
4970
4975
4985
4985
4995
5000
5090
5115
5135
5140
5145
5145
5165
5170
5195
5270
5310
5330
5350
5435
0