0
435
435
445
430
435
605
570
600
595
620
615
610
580
720
750
780
790
770
780
750
760
800
885
905
935
900
970
940
960
980
960
1035
1100
1125
1125
1130
1100
1150
1220
1230
1265
1865
1855
1875
1875
1885
1875
1890
1870
1870
1875
2045
2010
2040
2035
2060
2055
2050
2020
2160
2190
2220
2230
2210
2220
2190
2200
2240
2325
2345
2375
2340
2410
2380
2400
2420
2400
2475
2540
2565
2565
2570
2540
2590
2660
2670
2705
3305
3295
3315
3315
3325
3315
3330
3310
3310
3315
3485
3450
3480
3475
3500
3495
3490
3460
3600
3630
3660
3670
3650
3660
3630
3640
3680
3765
3785
3815
3780
3850
3820
3840
3860
3840
3915
3980
4005
4005
4010
3980
4030
4100
4110
4145
4745
4735
4755
4755
4765
4755
4770
4750
4750
4925
4890
4920
4915
4940
4935
4930
4900
5040
5070
5100
5110
5090
5100
5070
5080
5120
5205
5225
5255
5220
5290
5260
5280
5300
5280
5355
5420
5445
5470
5550
0
