1 9 15 24 34 48 57 64 71 79 87 94 103 110 117 125 133 140 148 155 162 170 
2 12 20 31 36 43 52 63 72 78 85 88 98 109 118 124 131 134 143 154 163 169 
3 10 22 29 37 47 53 67 74 81 90 101 107 116 126 146 152 161 
4 13 16 27 39 42 54 65 76 84 91 104 112 123 128 135 144 158 165 171 
5 50 60 69 80 132 136 173 
6 17 26 32 41 55 61 70 82 89 99 113 120 127 137 149 157 168 
7 21 25 33 44 86 92 102 114 121 129 139 145 156 167 172 
8 19 28 35 45 58 66 77 83 93 100 111 122 130 138 147 159 166 
11 18 30 38 46 56 68 75 95 105 108 119 141 150 153 164 
14 23 49 59 62 73 97 142 151 160 
51 96 106 115 
Count:172
